3760
3751
3750
3757
3744
3740
3766
3754
3750
3754
3739
3754
3752
3750
3730
3766
3730
3748
3752
3765
3764
3762
3758
3760
3759
3762
3757
3752
3758
3756
3756
3759
3738
3767
3756
3766
3756
3758
3735
3748
3749
3753
3740
3764
3740
3752
3752
3761
3766
3766
3765
3746
3766
3754
3755
3765
3758
3762
3759
3752
3760
3732
3749
3756
3746
3753
3738
3757
3759
3735
3754
3750
3757
3726
3744
3755
3758
3732
3742
3736
3753
3724
3762
3760
3765
3758
3744
3761
3733
3742
3743
3760
3754
3742
3767
3765
3722
3720
3754
3762
3746
3265
3428
3236
3410
3234
3205
3206
3422
3396
3201
3145
3202
3482
3200
3220
3058
3424
3325
3415
3510
3476
3225
3347
3391
3303
3324
3020
3392
3582
3274
3532
3443
3304
3360
3563
3441
3308
3232
3316
3231
3183
3210
3263
3373
3357
3176
3149
3453
3295
3248
3143
3556
3230
3327
3361
3255
3412
3497
3375
3329
3410
3312
3291
3109
3512
3287
3268
3272
3123
3453
3281
3419
3134
3488
3211
3364
3132
3011
3497
3492
3203
3321
3243
3524
3256
3040
3185
3445
3317
3226
3460
2928
3257
3263
3046
3131
3442
3403
3263
3152
3025
3404
3555
3609
3548
3154
3355
3532
3357
3541
3299
3177
3435
3193
3282
3200
3435
3269
3407
3387
3092
3337
3217
3436
3245
3440
3233
3288
3108
3415
3370
3468
3443
3327
2908
3457
3517
3484
3261
3455
3285
3423
3326
3132
3013
3399
3339
3522
3238
3297
3128
3373
3157
3491
3317
3471
3145
3430
3378
3274
3229
3092
3172
3392
3356
3101
3674
3416
3335
3529
3427
3370
3261
3605
3413
3308
3345
3351
3331
3323
3239
3351
3310
3450
3331
3166
3234
3249
3163
3491
3583
3076
3400
3401
3489
3263
3418
3524
3139
3649
3314
3341
3574
3674
3089
3441
3407
3076
3296
3237
3261
3258
3368
3328
3468
3263
3311
2998
3430
3135
3358
3231
3582
3408
3378
3127
3400
3542
3228
3559
3287
3416
3251
3239
3071
3235
3249
3431
3168
3130
3305
3529
3284
3536
3386
3182
3535
2975
3228
3382
3229
3350
3134
3099
3263
3392
3266
3571
3497
3239
3533
3259
3220
3314
3524
2970
3458
3460
3512
3275
3435
3015
3526
3444
3355
3491
3434
3493
3169
3255
3427
3615
3402
3144
3347
3215
3061
3177
3310
3354
3554
3376
3440
3383
3170
3430
3384
3082
3351
3267
3331
3296
3325
3161
3314
3377
3445
3490
3243
3407
3378
3421
3272
3624
3443
3469
3267
3337
3392
3408
3275
3646
3278
3496
3651
3311
3032
3075
3517
2985
3385
3314
3430
3162
2967
3222
3323
3494
3330
3038
3206
3237
3312
3306
3417
3329
3136
3429
3294
3286
3284
3270
3117
3084
3385
3380
3362
3475
3488
3578
3376
3272
3345
3506
3151
3323
3366
3238
3331
3463
3286
3340
3334
3265
3494
3235
3354
3016
3602
3345
3205
3373
3340
3179
3151
3231
3228
3178
3256
3277
3556
3339
3536
3281
3549
3121
3211
3139
3371
3081
3337
3149
3603
3516
3302
3348
3344
3425
3222
3177
3422
3280
3237
3203
3386
3368
3118
3395
3488
3533
3382
3415
3465
3188
3167
3025
3521
3584
3288
3173
3324
3383
3489
3463
3395
3610
3607
3289
3506
3703
3285
3080
3185
3279
3400
3354
3259
3268
3436
3185
3447
3082
3467
3453
3196
3207
3559
3373
3352
3259
3312
3330
3267
3385
3499
3605
3476
3046
3137
3249
3282
3062
3189
3213
3385
3319
3205
3082
3338
3423
3419
3219
3245
3231
3280
3373
3497
3524
3273
3177
3327
3366
3316
3166
3284
3382
3264
3374
3131
3301
3653
3379
3263
3208
3231
3480
3499
3265
3290
3323
3541
3399
3354
3420
3401
3524
3110
3340
3358
3236
3419
3208
3394
3255
3288
3217
3272
3411
3313
3213
3312
3253
3160
3655
3330
3220
3420
3287
3455
3319
3114
3514
3203
2993
3457
3565
3216
3286
3104
3380
3533
3573
3354
3147
3411
3396
3324
3246
3289
3195
3372
3333
3431
3204
3041
3081
3196
3550
3378
3428
3605
3413
3574
3137
3254
3339
3409
3559
3244
3124
3448
3349
3497
3115
3404
3351
3193
3492
3304
3435
3592
3328
3335
3294
3326
3390
3391
3102
3157
3168
3280
3273
3310
3406
3336
3608
3317
3323
3331
3281
3277
3220
3362
3326
3457
3265
3370
3194
3314
3569
3101
3469
3355
3411
3551
3508
3635
3117
3061
3357
3356
3255
2976
3206
3427
3141
3360
3105
3435
3424
3026
3460
3202
3370
3315
3100
3316
3626
3281
3568
3547
3213
3168
3412
3281
3420
3365
3390
3347
3081
3461
3390
3279
3340
3278
3139
3446
3435
3447
3397
3461
3251
3079
3198
3277
3494
3091
3190
3453
3415
3161
3326
3489
3562
3444
3475
3197
3438
3493
3448
3344
3360
3446
3371
3322
3135
3465
3126
3384
3265
3366
3242
3176
3506
3240
3178
3649
3270
3383
3183
3108
3179
3512
3327
3233
3370
3279
3427
3071
3443
3305
3442
3380
3639
3484
3337
3539
3324
3376
3232
3312
3542
3567
3342
3444
3475
3286
3260
3532
3158
3047
3410
3148
3240
3394
3084
3361
3280
3276
3597
3219
3285
3411
3243
3185
3251
3476
3427
3424
3271
3363
3245
3188
3148
3215
3353
3112
3316
3279
3460
3377
3511
3230
3297
3316
3501
3337
3133
3206
3032
3496
3150
3211
3292
3135
3322
3262
3310
3630
3514
3301
3361
3381
3428
3220
3278
3431
3286
3491
3367
3398
3361
3573
3228
3013
3662
3126
3454
3061
3041
3259
3203
3595
3260
3184
3342
3392
3412
3222
2994
3133
3382
3199
3287
3295
3586
3527
3358
3388
3267
3281
3191
3259
3178
3460
3282
3403
3420
3466
3429
3331
3216
3337
3421
3188
3498
3335
3249
3471
3376
3414
3469
3340
3468
3348
3098
3194
3299
3393
3270
3557
3134
3071
3259
3110
3196
3198
3310
3433
3380
3273
3342
3291
3253
3283
3381
3324
3584
3270
3374
3247
3306
3485
3193
3364
3159
3372
3090
3427
3302
3409
3298
3142
3482
3067
3206
3398
3218
3305
3389
