0.40671396255493164
0.7509820461273193
0.30371785163879395
0.8479328155517578
0.4162271022796631
0.3854560852050781
0.2607309818267822
0.2706639766693115
0.3313751220703125
0.35942602157592773
0.3399660587310791
0.26085996627807617
0.3891911506652832
0.37293100357055664
0.7338821887969971
0.5739059448242188
0.2804601192474365
0.9695141315460205
0.27390098571777344
0.27055907249450684
0.3259410858154297
0.6145801544189453
0.31990790367126465
0.41800498962402344
0.41417503356933594
0.5701830387115479
0.5223879814147949
0.308574914932251
1.4932920932769775
0.608292818069458
0.32810497283935547
0.7314250469207764
1.2676260471343994
0.5657038688659668
0.3533971309661865
0.3473639488220215
0.4292330741882324
0.722175121307373
0.2817959785461426
0.7170031070709229
0.4792771339416504
0.29754185676574707
0.8316709995269775
0.4554729461669922
0.3992800712585449
0.43494701385498047
1.3890290260314941
0.3402740955352783
0.26177000999450684
0.4400210380554199
0.3752138614654541
0.4342160224914551
0.28954601287841797
0.7377798557281494
0.3087739944458008
0.483867883682251
0.2745649814605713
1.1376049518585205
0.33311915397644043
0.3336508274078369
0.5280799865722656
0.41310787200927734
0.26345014572143555
0.23795700073242188
0.34687304496765137
0.8206911087036133
0.40804195404052734
0.7230889797210693
0.6234109401702881
0.30852413177490234
0.7675168514251709
0.37925291061401367
0.8095788955688477
0.6917798519134521
0.4370450973510742
0.3513801097869873
0.45151400566101074
0.26860809326171875
0.5387368202209473
0.7070639133453369
0.3077850341796875
0.7542839050292969
0.3944230079650879
0.33747196197509766
0.3665320873260498
0.3800981044769287
0.3283979892730713
0.6043069362640381
0.297652006149292
0.30218505859375
0.32939600944519043
0.5558409690856934
0.2892448902130127
1.0091500282287598
0.3309769630432129
0.9732370376586914
0.4763510227203369
0.23770809173583984
1.0951220989227295
0.680976152420044
