0.009065866470336914
0.007483005523681641
0.006697893142700195
0.00639796257019043
0.006398916244506836
0.011597871780395508
0.007576942443847656
0.007174968719482422
0.006667137145996094
0.007157087326049805
0.007603168487548828
0.007882118225097656
0.007840871810913086
0.007604122161865234
0.006556987762451172
0.006293058395385742
0.006304025650024414
0.006351947784423828
0.006814002990722656
0.00670313835144043
0.0074999332427978516
0.007463216781616211
0.010653972625732422
0.008658170700073242
0.007153034210205078
0.0075740814208984375
0.007438182830810547
0.007621049880981445
0.006824970245361328
0.0065119266510009766
0.0074329376220703125
0.006579875946044922
0.0063169002532958984
0.006500959396362305
0.007536888122558594
0.007448911666870117
0.00795888900756836
0.007571220397949219
0.007546186447143555
0.010640144348144531
0.010741949081420898
0.010273933410644531
0.008821964263916016
0.006584882736206055
0.006587028503417969
0.00674891471862793
0.007648944854736328
0.008015871047973633
0.007546901702880859
0.012014150619506836
0.007575035095214844
0.007626056671142578
0.00692296028137207
0.007483959197998047
0.007094860076904297
0.0075359344482421875
0.007584095001220703
0.010267972946166992
0.007025957107543945
0.007033824920654297
0.007628917694091797
0.007234096527099609
0.007606029510498047
0.007760047912597656
0.007419109344482422
0.008148908615112305
0.012881994247436523
0.010991811752319336
0.006850004196166992
0.010521888732910156
0.012970924377441406
0.008347034454345703
0.009943008422851562
0.009676933288574219
0.007996082305908203
0.008145809173583984
0.006920814514160156
0.008143901824951172
0.008620023727416992
0.006497859954833984
0.008509159088134766
0.007205963134765625
0.006273031234741211
0.007243156433105469
0.008443832397460938
0.008448123931884766
0.008801937103271484
0.006906032562255859
0.007386922836303711
0.007607936859130859
0.009402990341186523
0.01158595085144043
0.01140904426574707
0.0066089630126953125
0.006674051284790039
0.009172916412353516
0.01001286506652832
0.006983041763305664
0.007095813751220703
0.007306098937988281
