2630
2626
2598
2609
2622
2635
2645
2691
2732
2743
2714
2590
2694
2595
2750
2773
2719
2696
2805
2653
2645
2634
2792
2637
2783
2633
2675
2718
2615
2693
2663
2722
2613
2625
2590
2623
2819
2567
2597
2634
2786
2638
2713
2624
2613
2934
2762
3036
2605
2757
2699
2633
2693
2635
2591
2713
2661
2688
2649
2708
2584
2702
2666
2578
2677
2634
2725
2702
2669
2796
2838
2726
2716
2762
2618
2629
2620
2671
2682
2688
2689
2625
2617
2697
2711
2681
2620
2618
2716
2683
2749
2658
2707
2660
2638
2676
2812
2642
2589
2756
2651
2573
2606
2722
2625
2591
2638
2599
2789
2609
2681
2632
2649
2801
2746
2663
2719
2817
2700
2648
2634
2781
2650
2724
2608
2726
2632
2626
2745
2690
2666
2613
2698
2812
2681
2965
2718
2614
2749
2773
2694
2608
2703
2747
2815
2626
2648
2659
2712
2613
2644
2615
2724
2680
2554
2656
2654
2612
2740
2711
2661
2588
2654
2620
2600
2680
2628
2628
2612
2796
2632
2707
2647
2640
2638
2678
2730
2777
2570
2594
2700
2675
2606
2626
2632
2722
2796
2707
2599
2679
2698
2822
2692
2809
2686
2826
2598
2646
2597
2592
2709
2701
2610
2673
2626
2782
2642
2646
2640
2584
2730
2723
2621
2649
2575
2629
2622
2616
2656
2670
2586
2681
2573
2607
2659
2601
2684
2951
2591
2620
2674
2615
2634
2584
2704
2615
2645
2658
2645
2581
2697
2699
2680
2594
2708
2628
2645
2763
2693
2929
2650
2700
2745
2630
2665
2727
2703
2686
2600
2603
2727
2669
2742
2618
2668
2607
2671
2716
2623
2610
2613
2614
2607
2728
2615
2642
2690
2588
2611
2668
2681
2679
2694
2614
2627
2660
2761
2694
2598
2694
2656
2668
2685
2586
2608
2611
2810
2620
2725
2673
2639
2698
2691
2737
2656
2574
2742
2691
2603
2582
2671
2748
2606
2712
2697
2677
2627
2598
2613
2623
2608
2604
2639
2739
2710
2649
2752
2684
2762
2614
2611
2686
2671
2654
2689
2608
2601
2708
2718
2626
2637
2636
2567
2632
2628
2841
2812
2656
2589
2647
2615
2740
2712
2613
2608
2594
2717
2672
2688
2803
2599
2590
2630
2784
2713
2637
2680
2708
2626
2587
2616
2679
2687
2704
2837
2627
2619
2680
2700
2633
2616
2612
2602
2652
2818
2620
2667
2726
2725
2580
2696
2698
2666
2610
2606
2832
2599
2628
2676
2622
2745
2628
2628
2821
2695
2582
2596
2612
2778
2607
2771
2587
2593
2896
2806
2663
2611
2687
2596
2592
2633
2659
2780
2619
2706
2604
2638
2591
2621
2578
2607
2650
2780
2623
2584
2635
2652
2609
2602
2714
2645
2667
2609
2722
2609
2654
2727
2713
2804
2632
2686
2594
2784
2785
2622
2603
2690
2741
2687
2666
2655
2596
2583
2691
2650
2825
2818
2586
2634
2578
2610
2776
2635
2771
2664
2674
2744
2628
2626
2683
2715
2675
2619
2730
2630
2710
2627
2831
2659
2711
2590
2746
2603
2704
2631
2664
2671
2673
2598
2765
2626
2637
2593
2603
2617
2803
2635
2606
2673
2617
2628
2665
2737
2667
2662
2610
2656
2704
2681
2600
2630
2622
2755
2794
2756
2626
2707
2583
2735
2605
2597
2832
2619
2773
2603
2692
2594
2789
2792
2585
2608
2686
2659
2600
2652
2665
2618
2634
2627
2598
2616
2620
2787
2691
2644
2650
2778
2613
2621
2785
2779
2649
2677
2727
2669
2714
2629
2652
2689
2732
2876
2658
2707
2715
2620
2847
2615
2603
2916
2695
2652
2760
2762
2596
2730
2674
2641
2642
2673
2618
2708
2595
2651
2648
2719
2587
2703
2658
2729
2637
2737
2652
2603
2628
2612
2579
2656
2681
2682
2730
2660
2622
2612
2690
2734
2799
2566
2675
2605
2658
2609
2730
2679
2610
2643
2632
2658
2737
2814
2721
2680
2650
2687
2581
2593
2661
2707
2718
2634
2610
2786
2620
2678
2669
2633
2736
2638
2686
2805
2742
2636
2616
2564
2616
2727
2718
2622
2593
2787
2585
2587
2616
2642
2614
2650
2677
2753
2603
2590
2639
2622
2800
2734
2584
2687
2660
2684
2675
2630
2600
2637
2561
2731
2643
2617
2591
2726
2616
2792
2724
2688
2622
2597
2888
2703
2585
2661
2756
2621
2591
2600
2608
2594
2653
2895
2733
2737
2675
2630
2679
2613
2730
2621
2680
2756
2615
2715
2633
2629
2717
2669
2987
2630
2683
2790
2694
2668
2611
2712
2734
2600
2710
2610
2684
2660
2618
2682
2610
2696
2606
2665
2578
2623
2690
2596
2629
2672
2732
2623
2619
2780
2736
2656
2711
2708
2675
2604
2742
2716
2724
2645
2638
2634
2684
2794
2597
2709
2627
2648
2645
2595
2684
2792
2615
2804
2674
2618
2622
2656
2661
2729
2619
2575
2606
2635
2627
2572
2689
2788
2736
2659
2704
2604
2625
2625
2595
2701
2603
2778
2650
2669
2823
2601
2637
2696
2599
2725
2650
2594
2702
2764
2632
2667
2674
2603
2740
2639
2790
2680
2773
2733
2609
2781
2589
2584
2665
2743
2589
2686
2648
2751
2596
2652
2669
2653
2608
2675
2640
2764
2641
2601
2747
2718
2627
2676
2624
2632
2731
2624
2708
2665
2632
2619
2767
2714
2669
2617
2595
2798
2747
2638
2666
2777
2582
2659
2655
2632
2632
2599
2791
2693
2624
2635
2650
2693
2607
2734
2642
2614
2646
2824
2596
2661
2629
2656
2661
2592
2736
2603
2634
2680
2707
2630
2734
2675
2811
2661
2616
2819
2616
2694
2774
2776
2712
2698
2766
2620
2583
2730
2577
2688
2625
2632
2722
2644
2603
2724
2614
2852
2724
2596
2637
2750
2648
2718
2698
2656
2878
2706
2625
2769
2641
2677
2775
2621
2625
2604
2734
2657
2646
2738
2725
2656
2762
2745
2632
2666
2686
2623
2638
2692
2779
2681
2667
2799
2804
2670
2669
2715
2684
2661
2578
2833
2654
2635
2842
2697
2738
2587
2579
2687
2630
2612
2646
2805
2639
2609
2688
2594
2643
2573
2594
2667
2634
2709
2758
2597
2660
2692
2687
2646
2831
2636
2631
2739
2625
2607
2669
2587
2597
