13.211850881576538
13.469398021697998
13.169075012207031
12.340975046157837
12.567856788635254
12.391097068786621
12.676982879638672
12.371059894561768
12.668550968170166
12.29355502128601
12.994227886199951
12.736277103424072
12.390615940093994
12.611891984939575
12.683562994003296
12.336368083953857
12.471841096878052
12.472770929336548
12.468104839324951
12.84504508972168
12.780454158782959
12.644483089447021
12.311500072479248
13.005263090133667
12.738980054855347
12.874948978424072
12.983788967132568
12.575214147567749
12.570914030075073
12.412032842636108
12.256716966629028
12.557394981384277
12.478195190429688
12.24767804145813
12.59112811088562
12.301928043365479
12.466928958892822
12.507273197174072
12.319437026977539
12.8229398727417
12.582088947296143
12.41099214553833
12.576493978500366
12.525136947631836
12.604299068450928
12.465075969696045
12.372917890548706
13.438463926315308
14.167447090148926
12.016972064971924
12.565142154693604
12.029531955718994
12.173712015151978
12.413534879684448
11.98483419418335
12.111361980438232
11.82879114151001
12.179011106491089
12.465641975402832
12.195154905319214
12.831499814987183
12.57187795639038
1126.8995761871338
17.42515206336975
15.190896034240723
13.793889999389648
14.04089093208313
14.40586805343628
15.432784080505371
14.267627000808716
15.116992950439453
12.95085597038269
12.392478942871094
12.77742600440979
12.439757108688354
12.630661010742188
12.945888996124268
12.505949020385742
12.898222923278809
12.847795963287354
12.820481061935425
13.228738069534302
15.276178121566772
12.812434196472168
12.370529890060425
12.252211809158325
12.324498891830444
12.726615905761719
12.749701023101807
12.740065813064575
12.326534032821655
12.128706932067871
12.57482099533081
12.281843185424805
12.842936992645264
12.616025924682617
12.756916999816895
12.669767141342163
12.879501104354858
12.254785060882568
